69 69
152 46
252 40
323 37
492 62
444 48
569 68
600 63
713 11
747 8
732 59
732 103
749 136
775 317
808 452
717 641
625 607
560 589
495 591
400 611
318 582
262 547
225 470
187 392
249 375
279 451
340 552
394 588
388 567
488 560
542 542
601 515
758 450
790 475
733 418
708 315
585 476
469 521
384 552
373 511
452 484
573 445
621 426
631 457
648 449
635 417
648 498
611 340
698 395
689 362
717 354
564 187
493 192
514 259
580 235
546 360
425 401
348 427
328 366
406 340
391 296
314 321
277 218
195 242
173 194
267 172
350 159
365 209
339 133
254 128
146 129
255 95
335 90
334 80
439 90
495 99
605 100
491 146
419 132
424 202
677 169
657 116